window,start_row,stop_row,n_rows,novel_prevalence,known_macro_f1,known_macro_f1_all_initial_labels,known_balanced_accuracy,known_mcc,all_class_exact_macro_f1,novel_auprc,novel_auroc,known_success_rate,novel_safe_or_correct_rate,resilience_score,false_unknown_rate,novel_non_rejection_rate,coverage,selective_risk,ece,drift_triggered,drift_reason,mean_shift_score,predicted_unknown_rate,labels_queried,queried_label_counts,cumulative_labels_queried,update_performed,source_holdout_macro_f1,source_forgetting
0,0,500,500,0.0,0.998998998998999,0.16649983316649983,0.998,,0.4994994994994995,,,0.998,,0.998998998998999,0.0,,1.0,0.002,0.6461101644475393,False,warmup,0.04671161674803749,0.0,0,{},0,False,0.33527219102444245,0.0
1,500,1000,500,0.0,0.998998998998999,0.16649983316649983,0.998,,0.4994994994994995,,,0.998,,0.998998998998999,0.0,,1.0,0.002,0.6515855399225712,False,warmup,0.07125077886326038,0.0,0,{},0,False,0.33527219102444245,0.0
2,1000,1500,500,0.0,0.9959839357429718,0.16599732262382863,0.992,,0.33199464524765726,,,0.992,,0.9959839357429718,0.0,,1.0,0.008,0.6441832344535647,False,warmup,0.08786288209856845,0.0,0,{},0,False,0.33527219102444245,0.0
3,1500,2000,500,0.0,0.9949748743718593,0.1658291457286432,0.99,,0.3316582914572864,,,0.99,,0.9949748743718593,0.0,,1.0,0.01,0.6464111642963638,False,warmup,0.0674413695052812,0.0,0,{},0,False,0.33527219102444245,0.0
4,2000,2500,500,0.0,0.9979959919839679,0.16633266533066132,0.996,,0.49899799599198397,,,0.996,,0.9979959919839679,0.0,,1.0,0.004,0.6575775787541669,False,warmup,0.09839568236995022,0.0,0,{},0,False,0.33527219102444245,0.0
5,2500,3000,500,0.0,0.9969909729187563,0.16616516215312604,0.994,,0.49849548645937813,,,0.994,,0.9969909729187563,0.0,,1.0,0.006,0.6422568071514463,False,warmup,0.07324796592382582,0.0,0,{},0,False,0.33527219102444245,0.0
6,3000,3500,500,0.0,0.9929506545820745,0.1654917757636791,0.986,,0.3309835515273582,,,0.986,,0.9929506545820745,0.0,,1.0,0.014,0.6460710340936923,False,warmup,0.03225330359214141,0.0,0,{},0,False,0.33527219102444245,0.0
7,3500,4000,500,0.0,0.993963782696177,0.16566063044936283,0.988,,0.4969818913480885,,,0.988,,0.993963782696177,0.0,,1.0,0.012,0.6409016081300483,False,warmup,0.11128987152419705,0.0,0,{},0,False,0.33527219102444245,0.0
8,4000,4500,500,0.0,0.993963782696177,0.16566063044936283,0.988,,0.4969818913480885,,,0.988,,0.993963782696177,0.0,,1.0,0.012,0.6576623693927849,False,warmup,0.07594097937279504,0.0,0,{},0,False,0.33527219102444245,0.0
9,4500,5000,500,0.0,0.9878542510121457,0.16464237516869096,0.976,,0.3292847503373819,,,0.976,,0.9878542510121457,0.0,,1.0,0.024,0.6333413970500565,False,warmup,0.05613968244472473,0.0,0,{},0,False,0.33527219102444245,0.0
10,5000,5500,500,0.0,0.9959839357429718,0.16599732262382863,0.992,,0.33199464524765726,,,0.992,,0.9959839357429718,0.0,,1.0,0.008,0.6484530729292798,False,warmup,0.065630792869587,0.0,0,{},0,False,0.33527219102444245,0.0
11,5500,6000,500,0.0,0.9979959919839679,0.16633266533066132,0.996,,0.49899799599198397,,,0.996,,0.9979959919839679,0.0,,1.0,0.004,0.6611386299398557,False,warmup,0.07004038438552539,0.0,0,{},0,False,0.33527219102444245,0.0
12,6000,6500,500,0.0,0.9969909729187563,0.16616516215312604,0.994,,0.49849548645937813,,,0.994,,0.9969909729187563,0.0,,1.0,0.006,0.6397610528000439,False,warmup,0.06419476534930776,0.0,0,{},0,False,0.33527219102444245,0.0
13,6500,7000,500,0.0,0.9949748743718593,0.1658291457286432,0.99,,0.3316582914572864,,,0.99,,0.9949748743718593,0.0,,1.0,0.01,0.639535559760931,False,warmup,0.05456056983680992,0.0,0,{},0,False,0.33527219102444245,0.0
14,7000,7500,500,0.0,0.993963782696177,0.16566063044936283,0.988,,0.4969818913480885,,,0.988,,0.993963782696177,0.0,,1.0,0.012,0.6570756486578319,False,warmup,0.08144773244276111,0.0,0,{},0,False,0.33527219102444245,0.0
15,7500,8000,500,0.0,0.9929506545820745,0.1654917757636791,0.986,,0.3309835515273582,,,0.986,,0.9929506545820745,0.0,,1.0,0.014,0.6457335122145726,False,warmup,0.039299221485951386,0.0,0,{},0,False,0.33527219102444245,0.0
16,8000,8500,500,0.0,0.9979959919839679,0.16633266533066132,0.996,,0.49899799599198397,,,0.996,,0.9979959919839679,0.0,,1.0,0.004,0.6525990493762461,False,warmup,0.08310530627284439,0.0,0,{},0,False,0.33527219102444245,0.0
17,8500,9000,500,0.0,0.9959839357429718,0.16599732262382863,0.992,,0.4979919678714859,,,0.992,,0.9959839357429718,0.0,,1.0,0.008,0.648108531092287,False,warmup,0.10301767606406562,0.0,0,{},0,False,0.33527219102444245,0.0
18,9000,9500,500,0.0,0.9949748743718593,0.1658291457286432,0.99,,0.49748743718592964,,,0.99,,0.9949748743718593,0.0,,1.0,0.01,0.63371772435757,False,warmup,0.049974620151068815,0.0,0,{},0,False,0.33527219102444245,0.0
19,9500,10000,500,0.0,0.9929506545820745,0.1654917757636791,0.986,,0.49647532729103727,,,0.986,,0.9929506545820745,0.0,,1.0,0.014,0.6505378627391301,False,warmup,0.054523546249392846,0.0,0,{},0,False,0.33527219102444245,0.0
20,10000,10500,500,0.0,0.998998998998999,0.16649983316649983,0.998,,0.4994994994994995,,,0.998,,0.998998998998999,0.0,,1.0,0.002,0.6201110679269755,False,warmup,0.06140564480329334,0.0,0,{},0,False,0.33527219102444245,0.0
21,10500,11000,500,0.0,0.9949748743718593,0.1658291457286432,0.99,,0.3316582914572864,,,0.99,,0.9949748743718593,0.0,,1.0,0.01,0.6004784020152787,False,warmup,0.07335390397733546,0.0,0,{},0,False,0.33527219102444245,0.0
22,11000,11500,500,0.0,0.9959839357429718,0.16599732262382863,0.992,,0.33199464524765726,,,0.992,,0.9959839357429718,0.0,,1.0,0.008,0.5859686713020993,False,warmup,0.0705348647142084,0.0,0,{},0,False,0.33527219102444245,0.0
23,11500,12000,500,0.0,0.9979959919839679,0.16633266533066132,0.996,,0.49899799599198397,,,0.996,,0.9979959919839679,0.0,,1.0,0.004,0.6473112843747252,False,warmup,0.07500689619601024,0.0,0,{},0,False,0.33527219102444245,0.0
24,12000,12500,500,0.0,0.998998998998999,0.16649983316649983,0.998,,0.4994994994994995,,,0.998,,0.998998998998999,0.0,,1.0,0.002,0.6616811510751225,False,warmup,0.043778101323328586,0.0,0,{},0,False,0.33527219102444245,0.0
25,12500,13000,500,0.0,0.9969909729187563,0.16616516215312604,0.994,,0.49849548645937813,,,0.994,,0.9969909729187563,0.0,,1.0,0.006,0.6630221547921354,False,warmup,0.1293818510410886,0.0,0,{},0,False,0.33527219102444245,0.0
26,13000,13500,500,0.0,0.998998998998999,0.16649983316649983,0.998,,0.4994994994994995,,,0.998,,0.998998998998999,0.0,,1.0,0.002,0.6605073228947785,False,warmup,0.05179397404866899,0.0,0,{},0,False,0.33527219102444245,0.0
27,13500,14000,500,0.0,0.9969909729187563,0.16616516215312604,0.994,,0.49849548645937813,,,0.994,,0.9969909729187563,0.0,,1.0,0.006,0.6613352413698722,False,warmup,0.06400157574260742,0.0,0,{},0,False,0.33527219102444245,0.0
28,14000,14500,500,0.0,0.9959839357429718,0.16599732262382863,0.992,,0.4979919678714859,,,0.992,,0.9959839357429718,0.0,,1.0,0.008,0.6509841427642744,False,warmup,0.04897575126658827,0.0,0,{},0,False,0.33527219102444245,0.0
29,14500,15000,500,0.0,0.9949748743718593,0.1658291457286432,0.99,,0.3316582914572864,,,0.99,,0.9949748743718593,0.0,,1.0,0.01,0.6178096460759636,False,warmup,0.0710430337085191,0.0,0,{},0,False,0.33527219102444245,0.0
30,15000,15500,500,0.0,0.9929506545820745,0.1654917757636791,0.986,,0.3309835515273582,,,0.986,,0.9929506545820745,0.0,,1.0,0.014,0.585395224817897,False,none,0.09063657536013599,0.0,0,{},0,False,0.33527219102444245,0.0
31,15500,16000,500,0.0,0.9969909729187563,0.16616516215312604,0.994,,0.49849548645937813,,,0.994,,0.9969909729187563,0.0,,1.0,0.006,0.6006496701952536,False,none,0.07255618918487539,0.0,0,{},0,False,0.33527219102444245,0.0
32,16000,16500,500,0.0,0.982706002034588,0.16378433367243134,0.966,,0.491353001017294,,,0.966,,0.982706002034588,0.0,,1.0,0.034,0.6285231345009168,False,none,0.10844853143639527,0.0,0,{},0,False,0.33527219102444245,0.0
33,16500,17000,500,0.0,0.9847715736040609,0.1641285956006768,0.97,,0.3282571912013536,,,0.97,,0.9847715736040609,0.0,,1.0,0.03,0.6375304364521744,False,none,0.059026836323229026,0.0,0,{},0,False,0.33527219102444245,0.0
34,17000,17500,500,0.0,0.9806320081549439,0.163438668025824,0.962,,0.326877336051648,,,0.962,,0.9806320081549439,0.0,,1.0,0.038,0.6158837783192925,False,none,0.09760589861335842,0.0,0,{},0,False,0.33527219102444245,0.0
35,17500,18000,500,0.0,0.9979959919839679,0.16633266533066132,0.996,,0.49899799599198397,,,0.996,,0.9979959919839679,0.0,,1.0,0.004,0.6412564356604421,False,none,0.05662981936528646,0.0,0,{},0,False,0.33527219102444245,0.0
36,18000,18500,500,0.0,0.9888776541961577,0.16481294236602628,0.978,,0.32962588473205257,,,0.978,,0.9888776541961577,0.0,,1.0,0.022,0.6224218413183129,False,none,0.09305370933969319,0.0,0,{},0,False,0.33527219102444245,0.0
37,18500,19000,500,0.0,0.9969909729187563,0.16616516215312604,0.994,,0.49849548645937813,,,0.994,,0.9969909729187563,0.0,,1.0,0.006,0.6555765017691625,False,none,0.04215854144626833,0.0,0,{},0,False,0.33527219102444245,0.0
38,19000,19500,500,0.0,1.0,0.16666666666666666,1.0,,1.0,,,1.0,,1.0,0.0,,1.0,0.0,0.6390608803292018,False,none,0.055705911995415774,0.0,0,{},0,False,0.33527219102444245,0.0
39,19500,20000,500,0.0,0.98989898989899,0.16498316498316498,0.98,,0.494949494949495,,,0.98,,0.98989898989899,0.0,,1.0,0.02,0.6355054118391382,False,none,0.03529913859834708,0.0,0,{},0,False,0.33527219102444245,0.0
40,20000,20500,500,0.0,0.3867773620477966,0.3867773620477966,0.40627990430622013,0.40629072324445387,0.3867773620477966,,,0.902,,0.3867773620477966,0.0,,1.0,0.098,0.49926974635511356,False,persistence_pending,0.4053874618583203,0.0,0,{},0,False,0.33527219102444245,0.0
41,20500,21000,500,0.0,0.2583853606027987,0.2583853606027987,0.3215007215007215,0.5063517874428641,0.2583853606027987,,,0.932,,0.2583853606027987,0.0,,1.0,0.068,0.5854638224313057,True,persistent_mean_shift,0.12071983565339674,0.0,50,"{'Benign': 40, 'Exploits': 5, 'Fuzzers': 2, 'Reconnaissance': 1, 'Generic': 1, 'DoS': 1}",50,True,0.3370641287212914,0.0
42,21000,21500,500,0.0,0.40285751926750546,0.33571459938958786,0.4100738063825312,0.5657572163962281,0.33571459938958786,,,0.912,,0.40285751926750546,0.0,,1.0,0.088,0.548492697442782,False,latched,0.20561001584298041,0.0,0,{},50,False,0.3370641287212914,0.0
43,21500,22000,500,0.0,0.4559498750673174,0.3799582292227645,0.5286128456735059,0.5810691420693562,0.3799582292227645,,,0.948,,0.4559498750673174,0.0,,1.0,0.052,0.5810300345357491,False,latched,0.11539196605581196,0.0,0,{},50,False,0.3370641287212914,0.0
44,22000,22500,500,0.0,0.9959839357429718,0.16599732262382863,0.992,,0.4979919678714859,,,0.992,,0.9959839357429718,0.0,,1.0,0.008,0.6292387370358332,False,latched,0.12639940019918935,0.0,0,{},50,False,0.3370641287212914,0.0
45,22500,23000,500,0.0,0.98989898989899,0.16498316498316498,0.98,,0.32996632996632996,,,0.98,,0.98989898989899,0.0,,1.0,0.02,0.6458005472080524,False,latched,0.07326011791490022,0.0,0,{},50,False,0.3370641287212914,0.0
46,23000,23500,500,0.0,0.9878542510121457,0.16464237516869096,0.976,,0.4939271255060729,,,0.976,,0.9878542510121457,0.0,,1.0,0.024,0.6365367554610453,False,latched,0.07315313305241182,0.0,0,{},50,False,0.3370641287212914,0.0
47,23500,24000,500,0.0,0.3289250593421499,0.16446252967107494,0.3272604588394062,0.11435755631462158,0.2466937945066124,,,0.97,,0.3289250593421499,0.0,,1.0,0.03,0.6340372763002481,False,latched,0.07150512884825723,0.0,0,{},50,False,0.3370641287212914,0.0
48,24000,24500,500,0.0,0.32633454631329234,0.32633454631329234,0.3638477801268499,0.5655723652154914,0.32633454631329234,,,0.95,,0.32633454631329234,0.0,,1.0,0.05,0.6206617366887636,False,latched,0.13806977471016318,0.0,0,{},50,False,0.3370641287212914,0.0
49,24500,25000,500,0.0,0.3094195238532953,0.2578496032110794,0.4107963354474983,0.48824279952635186,0.2578496032110794,,,0.946,,0.3094195238532953,0.0,,1.0,0.054,0.6134965412869877,False,latched,0.07850879289465659,0.0,0,{},50,False,0.3370641287212914,0.0
50,25000,25500,500,0.0,0.36080365428306294,0.30066971190255243,0.47036723163841804,0.43848077648820266,0.36080365428306294,,,0.942,,0.36080365428306294,0.0,,1.0,0.058,0.6079776550231935,False,latched,0.09577925824972205,0.0,0,{},50,False,0.3370641287212914,0.0
51,25500,26000,500,0.0,0.27962934908852194,0.27962934908852194,0.30370976541189304,0.49175538926392687,0.27962934908852194,,,0.944,,0.27962934908852194,0.0,,1.0,0.056,0.6155967711734167,False,latched,0.09951235052972754,0.0,0,{},50,False,0.3370641287212914,0.0
52,26000,26500,500,0.0,0.28496574983399153,0.23747145819499293,0.37857142857142856,0.4199501109111734,0.23747145819499293,,,0.914,,0.28496574983399153,0.0,,1.0,0.086,0.5860731435682507,False,latched,0.18124632970601287,0.0,0,{},50,False,0.3370641287212914,0.0
53,26500,27000,500,0.0,0.3704835281615303,0.24698901877435353,0.4144234186211798,0.44119142404969347,0.24698901877435353,,,0.936,,0.3704835281615303,0.0,,1.0,0.064,0.5812528627165718,False,latched,0.10104151683705613,0.0,0,{},50,False,0.3370641287212914,0.0
54,27000,27500,500,0.0,0.2445077813970322,0.2445077813970322,0.22188940092165899,0.42156323691999414,0.2445077813970322,,,0.912,,0.2445077813970322,0.0,,1.0,0.088,0.579663359897509,False,latched,0.13775309204817754,0.0,0,{},50,False,0.3370641287212914,0.0
55,27500,28000,500,0.0,0.4024369914459333,0.4024369914459333,0.46140173666489454,0.566548465440827,0.4024369914459333,,,0.878,,0.4024369914459333,0.0,,1.0,0.122,0.557471218373489,False,latched,0.2895161999861766,0.0,0,{},50,False,0.3370641287212914,0.0
56,28000,28500,500,0.0,0.2295257464914145,0.19127145540951207,0.28944124346777433,0.32787612083383716,0.19127145540951207,,,0.79,,0.2295257464914145,0.0,,1.0,0.21,0.46780516590352406,False,latched,0.31192116076035215,0.0,0,{},50,False,0.3370641287212914,0.0
57,28500,29000,500,0.0,0.2604787124286402,0.2604787124286402,0.363519663904773,0.4209355212425138,0.2604787124286402,,,0.852,,0.2604787124286402,0.0,,1.0,0.148,0.5100893266584121,False,latched,0.21224540178286905,0.0,0,{},50,False,0.3370641287212914,0.0
58,29000,29500,500,0.0,0.3447396343948068,0.3447396343948068,0.4151054369705023,0.5194698152179001,0.3447396343948068,,,0.886,,0.3447396343948068,0.0,,1.0,0.114,0.53912857813035,False,latched,0.21718433837640308,0.0,0,{},50,False,0.3370641287212914,0.0
59,29500,30000,500,0.0,0.2897930870461392,0.2897930870461392,0.3566447622820172,0.4649634701315334,0.2897930870461392,,,0.898,,0.2897930870461392,0.0,,1.0,0.102,0.5665471446413121,False,latched,0.16735267937933235,0.0,0,{},50,False,0.3370641287212914,0.0
60,30000,30500,500,0.0,0.22407653011101283,0.22407653011101283,0.2945894725603246,0.347485150219878,0.22407653011101283,,,0.84,,0.22407653011101283,0.0,,1.0,0.16,0.512377127871229,False,latched,0.21487892574227332,0.0,0,{},50,False,0.3370641287212914,0.0
61,30500,31000,500,0.0,0.21779561464508956,0.21779561464508956,0.24679979518689196,0.3421126549840784,0.21779561464508956,,,0.826,,0.21779561464508956,0.0,,1.0,0.174,0.4918779460215284,False,latched,0.22087519213849005,0.0,0,{},50,False,0.3370641287212914,0.0
62,31000,31500,500,0.0,0.25474730019204356,0.25474730019204356,0.41623837493881544,0.3578371234562032,0.25474730019204356,,,0.846,,0.25474730019204356,0.0,,1.0,0.154,0.511917460425036,False,latched,0.2074537281793962,0.0,0,{},50,False,0.3370641287212914,0.0
63,31500,32000,500,0.0,0.23620663535827902,0.19683886279856586,0.3026979472140762,0.27923852096852286,0.19683886279856586,,,0.862,,0.23620663535827902,0.0,,1.0,0.138,0.5237978315401781,False,latched,0.17359487530661466,0.0,0,{},50,False,0.3370641287212914,0.0
64,32000,32500,500,0.0,0.3827252340657301,0.3189376950547751,0.5110416666666666,0.44615002531046694,0.3189376950547751,,,0.858,,0.3827252340657301,0.0,,1.0,0.142,0.5192490899585219,False,latched,0.2395752299868438,0.0,0,{},50,False,0.3370641287212914,0.0
65,32500,33000,500,0.0,0.26680351029241456,0.2223362585770121,0.2908296943231441,0.3754487561740976,0.2223362585770121,,,0.884,,0.26680351029241456,0.0,,1.0,0.116,0.544556451628293,False,latched,0.14964854926844579,0.0,0,{},50,False,0.3370641287212914,0.0
66,33000,33500,500,0.0,0.3680520108545123,0.3680520108545123,0.38064234528050317,0.6102128973708684,0.3680520108545123,,,0.876,,0.3680520108545123,0.0,,1.0,0.124,0.5167352957014688,False,latched,0.32499845580551523,0.0,0,{},50,False,0.3370641287212914,0.0
67,33500,34000,500,0.0,0.3839491243651932,0.3839491243651932,0.4604653224608368,0.5633169674728278,0.3839491243651932,,,0.888,,0.3839491243651932,0.0,,1.0,0.112,0.5397551450828212,False,latched,0.22630646933943196,0.0,0,{},50,False,0.3370641287212914,0.0
68,34000,34500,500,0.0,0.35110043262785967,0.35110043262785967,0.39536834869804305,0.5377233531632436,0.35110043262785967,,,0.918,,0.35110043262785967,0.0,,1.0,0.082,0.5755445931964361,False,latched,0.17242377415064425,0.0,0,{},50,False,0.3370641287212914,0.0
69,34500,35000,500,0.0,0.2868767035433702,0.2868767035433702,0.2592693236714976,0.4802334043993102,0.2868767035433702,,,0.924,,0.2868767035433702,0.0,,1.0,0.076,0.6001635279367759,False,latched,0.17953979322824112,0.0,0,{},50,False,0.3370641287212914,0.0
70,35000,35500,500,0.0,0.3752209261223047,0.3752209261223047,0.4496438746438747,0.5382268588354514,0.3752209261223047,,,0.948,,0.3752209261223047,0.0,,1.0,0.052,0.6127232106264503,False,latched,0.1395015556171018,0.0,0,{},50,False,0.3370641287212914,0.0
71,35500,36000,500,0.0,0.38766175889885485,0.3230514657490457,0.4209487666034155,0.5053458920700744,0.3230514657490457,,,0.936,,0.38766175889885485,0.0,,1.0,0.064,0.5842179421965862,False,latched,0.14597395744246125,0.0,0,{},50,False,0.3370641287212914,0.0
72,36000,36500,500,0.0,0.34179894179894177,0.2848324514991181,0.396371158392435,0.5533680810188917,0.2848324514991181,,,0.952,,0.34179894179894177,0.0,,1.0,0.048,0.6030915453827885,False,latched,0.1192345972533252,0.0,0,{},50,False,0.3370641287212914,0.0
73,36500,37000,500,0.0,0.38506868262901844,0.3208905688575154,0.3924822695035461,0.5431765778077209,0.3208905688575154,,,0.956,,0.38506868262901844,0.0,,1.0,0.044,0.6168810273537875,False,latched,0.08378170933506471,0.0,0,{},50,False,0.3370641287212914,0.0
74,37000,37500,500,0.0,0.3387281762035997,0.3387281762035997,0.3345906902086677,0.5227298997274978,0.3387281762035997,,,0.906,,0.3387281762035997,0.0,,1.0,0.094,0.5965968450652841,False,latched,0.15766847786384144,0.0,0,{},50,False,0.3370641287212914,0.0
75,37500,38000,500,0.0,0.258272897281518,0.258272897281518,0.28745589099247637,0.4953861672982768,0.258272897281518,,,0.9,,0.258272897281518,0.0,,1.0,0.1,0.5460817450911634,False,latched,0.17159761183143643,0.0,0,{},50,False,0.3370641287212914,0.0
76,38000,38500,500,0.0,0.33859773325269155,0.33859773325269155,0.42497693563267336,0.5811554025422964,0.33859773325269155,,,0.886,,0.33859773325269155,0.0,,1.0,0.114,0.528637540642158,False,latched,0.23126600582428075,0.0,0,{},50,False,0.3370641287212914,0.0
77,38500,39000,500,0.0,0.40040508511096745,0.33367090425913953,0.38636363636363635,0.5310040378514204,0.33367090425913953,,,0.918,,0.40040508511096745,0.0,,1.0,0.082,0.575556007015977,False,latched,0.20465687314147246,0.0,0,{},50,False,0.3370641287212914,0.0
78,39000,39500,500,0.0,0.34546040848048926,0.34546040848048926,0.35793404126737455,0.591558472269428,0.34546040848048926,,,0.89,,0.34546040848048926,0.0,,1.0,0.11,0.5501724303958907,False,latched,0.24843305355380546,0.0,0,{},50,False,0.3370641287212914,0.0
79,39500,40000,500,0.0,0.3352051031962242,0.3352051031962242,0.33125254375254376,0.5423601272100568,0.3352051031962242,,,0.914,,0.3352051031962242,0.0,,1.0,0.086,0.5742515534085023,False,latched,0.16839783771410288,0.0,0,{},50,False,0.3370641287212914,0.0
80,40000,40500,500,0.0,0.3782434051524069,0.3782434051524069,0.40780047005429937,0.6457254134315797,0.3782434051524069,,,0.942,,0.3782434051524069,0.0,,1.0,0.058,0.5683692499200995,False,latched,0.14913588740875824,0.0,0,{},50,False,0.3370641287212914,0.0
81,40500,41000,500,0.0,0.4538085255066387,0.4538085255066387,0.5399196366177498,0.5995791468178218,0.4538085255066387,,,0.964,,0.4538085255066387,0.0,,1.0,0.036,0.6054561312555159,False,latched,0.10801105401238156,0.0,0,{},50,False,0.3370641287212914,0.0
82,41000,41500,500,0.0,0.47029288702928873,0.31352859135285915,0.6447807933194154,0.37133301949879316,0.37623430962343096,,,0.946,,0.47029288702928873,0.0,,1.0,0.054,0.5790211436479992,False,latched,0.08359203987824615,0.0,0,{},50,False,0.3370641287212914,0.0
83,41500,42000,500,0.0,0.29832635983263595,0.24860529986052995,0.3665081780144542,0.48935298098362867,0.24860529986052995,,,0.956,,0.29832635983263595,0.0,,1.0,0.044,0.5999556358743893,False,latched,0.07661553836778813,0.0,0,{},50,False,0.3370641287212914,0.0
84,42000,42500,500,0.0,0.2913703943115708,0.2913703943115708,0.32813582813582814,0.38920893625231856,0.2913703943115708,,,0.942,,0.2913703943115708,0.0,,1.0,0.058,0.6120360241457496,False,latched,0.08398678730068748,0.0,0,{},50,False,0.3370641287212914,0.0
85,42500,43000,500,0.0,0.2553327293691319,0.2553327293691319,0.26273247496423463,0.38408404153258335,0.2553327293691319,,,0.922,,0.2553327293691319,0.0,,1.0,0.078,0.5948290518298252,False,latched,0.10111553366369871,0.0,0,{},50,False,0.3370641287212914,0.0
86,43000,43500,500,0.0,0.34465109457910037,0.34465109457910037,0.4194999481273991,0.45668241783870733,0.34465109457910037,,,0.922,,0.34465109457910037,0.0,,1.0,0.078,0.5898113935364427,False,latched,0.1779107913725383,0.0,0,{},50,False,0.3370641287212914,0.0
87,43500,44000,500,0.0,0.3717297195558065,0.3097747662965054,0.4243964395179914,0.47277483249273244,0.3097747662965054,,,0.922,,0.3717297195558065,0.0,,1.0,0.078,0.595257012556654,False,latched,0.12343938762832624,0.0,0,{},50,False,0.3370641287212914,0.0
88,44000,44500,500,0.0,0.379235093502717,0.3160292445855975,0.41835497835497837,0.5730381352112143,0.3160292445855975,,,0.94,,0.379235093502717,0.0,,1.0,0.06,0.5909554788834044,False,latched,0.12787448366556134,0.0,0,{},50,False,0.3370641287212914,0.0
89,44500,45000,500,0.0,0.32013954265735506,0.32013954265735506,0.35826728941440683,0.5197574738629557,0.32013954265735506,,,0.876,,0.32013954265735506,0.0,,1.0,0.124,0.5718435946009263,False,latched,0.2817211717668269,0.0,0,{},50,False,0.3370641287212914,0.0
90,45000,45500,500,0.0,0.24152828747727473,0.24152828747727473,0.33964597046788825,0.40223985588921096,0.24152828747727473,,,0.816,,0.24152828747727473,0.0,,1.0,0.184,0.47976926640255796,False,latched,0.29263529274480315,0.0,0,{},50,False,0.3370641287212914,0.0
91,45500,46000,500,0.0,0.25987305295261015,0.25987305295261015,0.3532894952072496,0.43909071091429713,0.25987305295261015,,,0.858,,0.25987305295261015,0.0,,1.0,0.142,0.5221475286772658,False,latched,0.23178410680159112,0.0,0,{},50,False,0.3370641287212914,0.0
92,46000,46500,500,0.0,0.2612459530789839,0.2612459530789839,0.33041125541125543,0.43352311127523835,0.2612459530789839,,,0.902,,0.2612459530789839,0.0,,1.0,0.098,0.5656136357503315,False,latched,0.1408894811237649,0.0,0,{},50,False,0.3370641287212914,0.0
93,46500,47000,500,0.0,0.21336996336996336,0.21336996336996336,0.20024651274651273,0.4124548129610849,0.21336996336996336,,,0.898,,0.21336996336996336,0.0,,1.0,0.102,0.5939454906561081,False,latched,0.14381223195307294,0.0,0,{},50,False,0.3370641287212914,0.0
94,47000,47500,500,0.0,0.2944805194805195,0.2944805194805195,0.36927753934191704,0.42615387736037386,0.2944805194805195,,,0.916,,0.2944805194805195,0.0,,1.0,0.084,0.5882345061835924,False,latched,0.1305214293973449,0.0,0,{},50,False,0.3370641287212914,0.0
95,47500,48000,500,0.0,0.32179100355095663,0.32179100355095663,0.37759480952135355,0.4635112760841374,0.32179100355095663,,,0.862,,0.32179100355095663,0.0,,1.0,0.138,0.5205834401254363,False,latched,0.23639670059019308,0.0,0,{},50,False,0.3370641287212914,0.0
96,48000,48500,500,0.0,0.3240309494119392,0.270025791176616,0.5097072457301505,0.3719266269303539,0.270025791176616,,,0.844,,0.3240309494119392,0.0,,1.0,0.156,0.49879789397745733,False,latched,0.23853701102911223,0.0,0,{},50,False,0.3370641287212914,0.0
97,48500,49000,500,0.0,0.24421116591365039,0.20350930492804198,0.482646420824295,0.35219153815227927,0.20350930492804198,,,0.852,,0.24421116591365039,0.0,,1.0,0.148,0.5247306775360892,False,latched,0.21570107434913313,0.0,0,{},50,False,0.3370641287212914,0.0
98,49000,49500,500,0.0,0.3594499867996109,0.3594499867996109,0.45792633292633295,0.41249498783419597,0.3594499867996109,,,0.898,,0.3594499867996109,0.0,,1.0,0.102,0.5548435424841065,False,latched,0.1505169417756431,0.0,0,{},50,False,0.3370641287212914,0.0
99,49500,50000,500,0.0,0.36237774571107906,0.36237774571107906,0.3639683661054201,0.5376840338683028,0.36237774571107906,,,0.896,,0.36237774571107906,0.0,,1.0,0.104,0.5500232779788914,False,latched,0.19123186259731367,0.0,0,{},50,False,0.3370641287212914,0.0
100,50000,50500,500,0.0,0.28104195580228464,0.28104195580228464,0.3049001651942828,0.4824582682152991,0.28104195580228464,,,0.858,,0.28104195580228464,0.0,,1.0,0.142,0.5246929550738801,False,latched,0.2508912328826851,0.0,0,{},50,False,0.3370641287212914,0.0
101,50500,51000,500,0.0,0.39538143016403887,0.32948452513669907,0.43016174293289255,0.5026202586915393,0.32948452513669907,,,0.914,,0.39538143016403887,0.0,,1.0,0.086,0.5724229265796857,False,latched,0.1732184821765912,0.0,0,{},50,False,0.3370641287212914,0.0
102,51000,51500,500,0.0,0.40880258899676375,0.34066882416396976,0.42579530638852675,0.5164596397193654,0.34066882416396976,,,0.93,,0.40880258899676375,0.0,,1.0,0.07,0.5871953939996457,False,latched,0.10501927314140663,0.0,0,{},50,False,0.3370641287212914,0.0
103,51500,52000,500,0.0,0.2781858661394638,0.2781858661394638,0.30616297243535096,0.3805247785566946,0.2781858661394638,,,0.89,,0.2781858661394638,0.0,,1.0,0.11,0.5622807911117087,False,latched,0.18382746525272753,0.0,0,{},50,False,0.3370641287212914,0.0
104,52000,52500,500,0.0,0.3048914048914049,0.3048914048914049,0.3653820816864295,0.3766419423062844,0.3048914048914049,,,0.868,,0.3048914048914049,0.0,,1.0,0.132,0.5225380464257401,False,latched,0.19489355219906504,0.0,0,{},50,False,0.3370641287212914,0.0
105,52500,53000,500,0.0,0.2599948248033064,0.2599948248033064,0.38057363220053025,0.38192009079984934,0.2599948248033064,,,0.884,,0.2599948248033064,0.0,,1.0,0.116,0.5496692793263735,False,latched,0.15843223063911824,0.0,0,{},50,False,0.3370641287212914,0.0
106,53000,53500,500,0.0,0.2178914092396428,0.181576174366369,0.295397489539749,0.359897332284843,0.2178914092396428,,,0.936,,0.2178914092396428,0.0,,1.0,0.064,0.6194364884899192,False,latched,0.10953874396737075,0.0,0,{},50,False,0.3370641287212914,0.0
107,53500,54000,500,0.0,0.18992277992277992,0.18992277992277992,0.22799422799422797,0.43483869532103886,0.18992277992277992,,,0.918,,0.18992277992277992,0.0,,1.0,0.082,0.5866530457289302,False,latched,0.13814085611680743,0.0,0,{},50,False,0.3370641287212914,0.0
108,54000,54500,500,0.0,0.3136197875376565,0.2613498229480471,0.43396156688839616,0.5174579950857144,0.3136197875376565,,,0.908,,0.3136197875376565,0.0,,1.0,0.092,0.5718089599467349,False,latched,0.16481909060886352,0.0,0,{},50,False,0.3370641287212914,0.0
109,54500,55000,500,0.0,0.3518972835655094,0.3518972835655094,0.38846008376229224,0.5754701924000152,0.3518972835655094,,,0.906,,0.3518972835655094,0.0,,1.0,0.094,0.5503507781623154,False,latched,0.19335650393936155,0.0,0,{},50,False,0.3370641287212914,0.0
110,55000,55500,500,0.0,0.3281908130042306,0.3281908130042306,0.40154333267024733,0.597753312619939,0.3281908130042306,,,0.932,,0.3281908130042306,0.0,,1.0,0.068,0.5864130995275194,False,latched,0.15386629167976143,0.0,0,{},50,False,0.3370641287212914,0.0
111,55500,56000,500,0.0,0.3096640665517405,0.3096640665517405,0.30332097775996797,0.5461162236416522,0.3096640665517405,,,0.888,,0.3096640665517405,0.0,,1.0,0.112,0.5557489459930459,False,latched,0.23125858895216025,0.0,0,{},50,False,0.3370641287212914,0.0
112,56000,56500,500,0.0,0.2573076792992069,0.2573076792992069,0.2658116353011945,0.5178822846929584,0.2573076792992069,,,0.872,,0.2573076792992069,0.0,,1.0,0.128,0.5261158794966393,False,latched,0.2460096821472113,0.0,0,{},50,False,0.3370641287212914,0.0
113,56500,57000,500,0.0,0.5801556101556101,0.48346300846300844,0.6865865865865866,0.679372205045409,0.48346300846300844,,,0.932,,0.5801556101556101,0.0,,1.0,0.068,0.5837650330959697,False,latched,0.18716462566933262,0.0,0,{},50,False,0.3370641287212914,0.0
114,57000,57500,500,0.0,0.3492431528355237,0.3492431528355237,0.428109713487072,0.4971522501033559,0.3492431528355237,,,0.954,,0.3492431528355237,0.0,,1.0,0.046,0.6162915316135137,False,latched,0.1275555835960882,0.0,0,{},50,False,0.3370641287212914,0.0
115,57500,58000,500,0.0,0.29685863874345547,0.24738219895287958,0.3970649895178197,0.3856367063660913,0.24738219895287958,,,0.946,,0.29685863874345547,0.0,,1.0,0.054,0.6128698805056041,False,latched,0.12005967659410738,0.0,0,{},50,False,0.3370641287212914,0.0
116,58000,58500,500,0.0,0.4946294307196563,0.24731471535982816,0.6225071225071225,0.49345217389579843,0.24731471535982816,,,0.932,,0.4946294307196563,0.0,,1.0,0.068,0.6013634873226188,False,latched,0.12483672769940438,0.0,0,{},50,False,0.3370641287212914,0.0
117,58500,59000,500,0.0,0.4034785405753148,0.4034785405753148,0.3996572871572872,0.5563150982189164,0.4034785405753148,,,0.944,,0.4034785405753148,0.0,,1.0,0.056,0.5837052364506138,False,latched,0.11393629508613062,0.0,0,{},50,False,0.3370641287212914,0.0
118,59000,59500,500,0.0,0.500895225464191,0.33393015030946066,0.5049766040130066,0.4073347799770429,0.33393015030946066,,,0.926,,0.500895225464191,0.0,,1.0,0.074,0.5821741621788604,False,latched,0.15734304462129534,0.0,0,{},50,False,0.3370641287212914,0.0
119,59500,60000,500,0.0,0.39887614413161854,0.3323967867763488,0.5336169688000986,0.45526534159482807,0.39887614413161854,,,0.956,,0.39887614413161854,0.0,,1.0,0.044,0.6200837619930157,False,latched,0.09812710083103497,0.0,0,{},50,False,0.3370641287212914,0.0
120,60000,60500,500,0.0,0.3274249834542389,0.3274249834542389,0.4292392005157963,0.5267857585473241,0.3274249834542389,,,0.946,,0.3274249834542389,0.0,,1.0,0.054,0.6285191703602303,False,latched,0.19151551726640445,0.0,0,{},50,False,0.3370641287212914,0.0
121,60500,61000,500,0.0,0.3413837727218009,0.3413837727218009,0.42452917452917455,0.5697524874278981,0.3413837727218009,,,0.882,,0.3413837727218009,0.0,,1.0,0.118,0.5565471185132542,False,latched,0.3338733986382012,0.0,0,{},50,False,0.3370641287212914,0.0
122,61000,61500,500,0.0,0.23955920681247675,0.23955920681247675,0.2931989264558072,0.38388460844995564,0.23955920681247675,,,0.816,,0.23955920681247675,0.0,,1.0,0.184,0.48788336695260104,False,latched,0.290665846689309,0.0,0,{},50,False,0.3370641287212914,0.0
123,61500,62000,500,0.0,0.27116215161376017,0.27116215161376017,0.30533475783475783,0.44035702297963975,0.27116215161376017,,,0.866,,0.27116215161376017,0.0,,1.0,0.134,0.5185811432057175,False,latched,0.18105128512857613,0.0,0,{},50,False,0.3370641287212914,0.0
124,62000,62500,500,0.0,0.2580198813532147,0.2580198813532147,0.4106237816764133,0.45893202935920835,0.2580198813532147,,,0.896,,0.2580198813532147,0.0,,1.0,0.104,0.541981094748541,False,latched,0.16046392971902754,0.0,0,{},50,False,0.3370641287212914,0.0
125,62500,63000,500,0.0,0.27991871151413855,0.27991871151413855,0.30327800418860024,0.44799913158392124,0.27991871151413855,,,0.88,,0.27991871151413855,0.0,,1.0,0.12,0.5423504271350206,False,latched,0.19753383760750468,0.0,0,{},50,False,0.3370641287212914,0.0
126,63000,63500,500,0.0,0.42855255160254924,0.3571271263354577,0.45530885436266866,0.5050368158110029,0.3571271263354577,,,0.88,,0.42855255160254924,0.0,,1.0,0.12,0.5401153386445754,False,latched,0.20295713322619796,0.0,0,{},50,False,0.3370641287212914,0.0
127,63500,64000,500,0.0,0.2678200734444122,0.2231833945370102,0.2935103043537601,0.2975212211107441,0.2231833945370102,,,0.808,,0.2678200734444122,0.0,,1.0,0.192,0.4764204906987604,False,latched,0.2417615949840423,0.0,0,{},50,False,0.3370641287212914,0.0
128,64000,64500,500,0.0,0.3283308257840093,0.3283308257840093,0.39165909189282777,0.4250496662868954,0.3283308257840093,,,0.88,,0.3283308257840093,0.0,,1.0,0.12,0.5411427600995548,False,latched,0.1712563583004556,0.0,0,{},50,False,0.3370641287212914,0.0
129,64500,65000,500,0.0,0.21215409467621857,0.21215409467621857,0.33492310687171506,0.2771459160355588,0.21215409467621857,,,0.864,,0.21215409467621857,0.0,,1.0,0.136,0.5378383084860043,False,latched,0.21638275937351195,0.0,0,{},50,False,0.3370641287212914,0.0
130,65000,65500,500,0.0,0.32642167780252407,0.2720180648354367,0.4665591397849463,0.34995354291092995,0.2720180648354367,,,0.87,,0.32642167780252407,0.0,,1.0,0.13,0.5346255226954285,False,latched,0.17114168108113373,0.0,0,{},50,False,0.3370641287212914,0.0
131,65500,66000,500,0.0,0.2614493884985688,0.2614493884985688,0.3122137864545674,0.3496865290250916,0.2614493884985688,,,0.894,,0.2614493884985688,0.0,,1.0,0.106,0.5435108490986994,False,latched,0.12975119161247964,0.0,0,{},50,False,0.3370641287212914,0.0
132,66000,66500,500,0.0,0.2675410118107729,0.2675410118107729,0.26578630160575145,0.5268842919059186,0.2675410118107729,,,0.9,,0.2675410118107729,0.0,,1.0,0.1,0.557059258675644,False,latched,0.15065645830452803,0.0,0,{},50,False,0.3370641287212914,0.0
133,66500,67000,500,0.0,0.40039795620054,0.40039795620054,0.39111850209411186,0.592546400665475,0.40039795620054,,,0.918,,0.40039795620054,0.0,,1.0,0.082,0.5854863084248845,False,latched,0.19644515582864064,0.0,0,{},50,False,0.3370641287212914,0.0
134,67000,67500,500,0.0,0.4166110530490953,0.3471758775409128,0.453,0.5594062690774699,0.3471758775409128,,,0.912,,0.4166110530490953,0.0,,1.0,0.088,0.5671257463229328,False,latched,0.1865694924657493,0.0,0,{},50,False,0.3370641287212914,0.0
135,67500,68000,500,0.0,0.3430707134911807,0.28589226124265055,0.508517560870502,0.39937932854952196,0.28589226124265055,,,0.884,,0.3430707134911807,0.0,,1.0,0.116,0.5402380410705337,False,latched,0.17695929937890564,0.0,0,{},50,False,0.3370641287212914,0.0
136,68000,68500,500,0.0,0.4347682503932504,0.4347682503932504,0.41579890269846603,0.5658487102346278,0.4347682503932504,,,0.912,,0.4347682503932504,0.0,,1.0,0.088,0.5588550959508575,False,latched,0.21189542507171122,0.0,0,{},50,False,0.3370641287212914,0.0
137,68500,69000,500,0.0,0.3051897249858004,0.3051897249858004,0.32883309073265404,0.4656849807553686,0.3051897249858004,,,0.902,,0.3051897249858004,0.0,,1.0,0.098,0.5372860369579682,False,latched,0.18041911123942753,0.0,0,{},50,False,0.3370641287212914,0.0
138,69000,69500,500,0.0,0.19538239538239535,0.19538239538239535,0.23118279569892475,0.37896348561057985,0.19538239538239535,,,0.922,,0.19538239538239535,0.0,,1.0,0.078,0.5592993138079183,False,latched,0.11441065423766253,0.0,0,{},50,False,0.3370641287212914,0.0
139,69500,70000,500,0.0,0.3373142237549017,0.2810951864624181,0.3819678728914398,0.5416292439404247,0.2810951864624181,,,0.95,,0.3373142237549017,0.0,,1.0,0.05,0.5934338396623879,False,latched,0.11504366398720996,0.0,0,{},50,False,0.3370641287212914,0.0
140,70000,70500,500,0.0,0.27886687922555126,0.27886687922555126,0.2791854112018701,0.5234707452879354,0.27886687922555126,,,0.926,,0.27886687922555126,0.0,,1.0,0.074,0.5971528695428934,False,latched,0.1759035658135058,0.0,0,{},50,False,0.3370641287212914,0.0
141,70500,71000,500,0.0,0.3054097065724973,0.3054097065724973,0.27952671934819934,0.5422281067794338,0.3054097065724973,,,0.916,,0.3054097065724973,0.0,,1.0,0.084,0.5873959935567932,False,latched,0.17605686872798454,0.0,0,{},50,False,0.3370641287212914,0.0
142,71000,71500,500,0.0,0.3733582444052949,0.3733582444052949,0.4133482429005378,0.598645946554976,0.3733582444052949,,,0.908,,0.3733582444052949,0.0,,1.0,0.092,0.5613838072583771,False,latched,0.18613279959205056,0.0,0,{},50,False,0.3370641287212914,0.0
143,71500,72000,500,0.0,0.3968641431164117,0.33072011926367645,0.44406926406926406,0.520040109399366,0.33072011926367645,,,0.918,,0.3968641431164117,0.0,,1.0,0.082,0.595951207669107,False,latched,0.13679534073759816,0.0,0,{},50,False,0.3370641287212914,0.0
144,72000,72500,500,0.0,0.28073958078112626,0.28073958078112626,0.38862755949086886,0.5366952041281171,0.28073958078112626,,,0.854,,0.28073958078112626,0.0,,1.0,0.146,0.5341519260533288,False,latched,0.28273639187542265,0.0,0,{},50,False,0.3370641287212914,0.0
145,72500,73000,500,0.0,0.36785794847422176,0.36785794847422176,0.35945378151260504,0.6315847603073328,0.36785794847422176,,,0.916,,0.36785794847422176,0.0,,1.0,0.084,0.5789205378732393,False,latched,0.21094423613538713,0.0,0,{},50,False,0.3370641287212914,0.0
146,73000,73500,500,0.0,0.5943867219578379,0.39625781463855864,0.6252360568451697,0.6350497615890552,0.39625781463855864,,,0.94,,0.5943867219578379,0.0,,1.0,0.06,0.6045990968235869,False,latched,0.15674290357522433,0.0,0,{},50,False,0.3370641287212914,0.0
147,73500,74000,500,0.0,0.40575545458266815,0.3381295454855568,0.44749999999999995,0.5621825640021392,0.3381295454855568,,,0.964,,0.40575545458266815,0.0,,1.0,0.036,0.6166510665490895,False,latched,0.09868779784546908,0.0,0,{},50,False,0.3370641287212914,0.0
148,74000,74500,500,0.0,0.4269248501613647,0.28461656677424313,0.5296809623430963,0.44675195121067024,0.4269248501613647,,,0.96,,0.4269248501613647,0.0,,1.0,0.04,0.600874374635118,False,latched,0.07153130914386785,0.0,0,{},50,False,0.3370641287212914,0.0
149,74500,75000,500,0.0,0.285410798770273,0.2378423323085608,0.35984528832630097,0.4602414060507618,0.285410798770273,,,0.95,,0.285410798770273,0.0,,1.0,0.05,0.610704439849469,False,latched,0.09008942752115934,0.0,0,{},50,False,0.3370641287212914,0.0
150,75000,75500,500,0.0,0.3298319907940161,0.27485999232834674,0.3308016877637131,0.5053093957485865,0.27485999232834674,,,0.95,,0.3298319907940161,0.0,,1.0,0.05,0.6136191773029951,False,latched,0.0973548171461725,0.0,0,{},50,False,0.3370641287212914,0.0
151,75500,76000,500,0.0,0.3039485422526358,0.3039485422526358,0.4185857788305478,0.5219378185863166,0.3039485422526358,,,0.9,,0.3039485422526358,0.0,,1.0,0.1,0.5663112398475224,False,latched,0.2808442270304354,0.0,0,{},50,False,0.3370641287212914,0.0
152,76000,76500,500,0.0,0.45752760874464726,0.3812730072872061,0.437787356321839,0.43851953521685233,0.3812730072872061,,,0.93,,0.45752760874464726,0.0,,1.0,0.07,0.580786461376955,False,latched,0.10252150880868,0.0,0,{},50,False,0.3370641287212914,0.0
153,76500,77000,500,0.0,0.42115725949591765,0.3509643829132647,0.41803418803418796,0.6595873531684966,0.3509643829132647,,,0.96,,0.42115725949591765,0.0,,1.0,0.04,0.6133062303912119,False,latched,0.12804917845264033,0.0,0,{},50,False,0.3370641287212914,0.0
154,77000,77500,500,0.0,0.3746740075340481,0.31222833961170676,0.3667948717948718,0.5112488130331218,0.31222833961170676,,,0.882,,0.3746740075340481,0.0,,1.0,0.118,0.5601883918715074,False,latched,0.24833922510488035,0.0,0,{},50,False,0.3370641287212914,0.0
155,77500,78000,500,0.0,0.20797283442966105,0.20797283442966105,0.2216822066822067,0.36622260147833163,0.20797283442966105,,,0.788,,0.20797283442966105,0.0,,1.0,0.212,0.4501591162204789,False,latched,0.3097858627166443,0.0,0,{},50,False,0.3370641287212914,0.0
156,78000,78500,500,0.0,0.23938703665355146,0.23938703665355146,0.2693946188340807,0.45320011586944625,0.23938703665355146,,,0.874,,0.23938703665355146,0.0,,1.0,0.126,0.5351475876861255,False,latched,0.23449545602237437,0.0,0,{},50,False,0.3370641287212914,0.0
157,78500,79000,500,0.0,0.308143547273982,0.308143547273982,0.3343263793907571,0.4970289162551147,0.308143547273982,,,0.92,,0.308143547273982,0.0,,1.0,0.08,0.5711348821577328,False,latched,0.1387278532329532,0.0,0,{},50,False,0.3370641287212914,0.0
158,79000,79500,500,0.0,0.4085095812930865,0.4085095812930865,0.5445960340871846,0.46064096177636715,0.4085095812930865,,,0.868,,0.4085095812930865,0.0,,1.0,0.132,0.5267362718675775,False,latched,0.2161126179402019,0.0,0,{},50,False,0.3370641287212914,0.0
159,79500,80000,500,0.0,0.38315632552480355,0.3192969379373363,0.45545135632662986,0.5002025590850585,0.3192969379373363,,,0.898,,0.38315632552480355,0.0,,1.0,0.102,0.5358455177052124,False,latched,0.18265689596475387,0.0,0,{},50,False,0.3370641287212914,0.0
160,80000,80500,500,0.0,0.20668635020594214,0.20668635020594214,0.19724289513376203,0.21692792750901857,0.20668635020594214,,,0.862,,0.20668635020594214,0.0,,1.0,0.138,0.5046960999550855,False,latched,0.1509455886357124,0.0,0,{},50,False,0.3370641287212914,0.0
161,80500,81000,500,0.0,0.4548457875183883,0.37903815626532356,0.5810734463276835,0.48844482962928454,0.4548457875183883,,,0.92,,0.4548457875183883,0.0,,1.0,0.08,0.5580528196725776,False,latched,0.1753198395014918,0.0,0,{},50,False,0.3370641287212914,0.0
162,81000,81500,500,0.0,0.30830026455026455,0.30830026455026455,0.44039246091081946,0.3932782766110512,0.30830026455026455,,,0.876,,0.30830026455026455,0.0,,1.0,0.124,0.5147862388990525,False,latched,0.20009403687240515,0.0,0,{},50,False,0.3370641287212914,0.0
163,81500,82000,500,0.0,0.19941806075280652,0.19941806075280652,0.4509907997169143,0.2656487286456311,0.19941806075280652,,,0.83,,0.19941806075280652,0.0,,1.0,0.17,0.4970987139125864,False,latched,0.16460474515354995,0.0,0,{},50,False,0.3370641287212914,0.0
164,82000,82500,500,0.0,0.2505394371122029,0.2505394371122029,0.351843599392619,0.3658145845681394,0.2505394371122029,,,0.87,,0.2505394371122029,0.0,,1.0,0.13,0.5161692248311026,False,latched,0.17074148454973545,0.0,0,{},50,False,0.3370641287212914,0.0
165,82500,83000,500,0.0,0.34505579068872644,0.28754649224060536,0.40596457938013913,0.3936082662175784,0.28754649224060536,,,0.886,,0.34505579068872644,0.0,,1.0,0.114,0.5495473439993771,False,latched,0.14214426317025655,0.0,0,{},50,False,0.3370641287212914,0.0
166,83000,83500,500,0.0,0.29781372926661304,0.29781372926661304,0.31411168165344777,0.5300326139988697,0.29781372926661304,,,0.858,,0.29781372926661304,0.0,,1.0,0.142,0.5168622010966679,False,latched,0.2634906740246766,0.0,0,{},50,False,0.3370641287212914,0.0
167,83500,84000,500,0.0,0.320257324662611,0.320257324662611,0.3971693802957302,0.4384474897914832,0.320257324662611,,,0.9,,0.320257324662611,0.0,,1.0,0.1,0.5753792931514248,False,latched,0.14799555143962964,0.0,0,{},50,False,0.3370641287212914,0.0
168,84000,84500,500,0.0,0.5274703557312252,0.43955862977602106,0.646634496689485,0.57219391649471,0.43955862977602106,,,0.932,,0.5274703557312252,0.0,,1.0,0.068,0.6071060410788673,False,latched,0.17237939060832427,0.0,0,{},50,False,0.3370641287212914,0.0
169,84500,85000,500,0.0,0.3773197120565541,0.3773197120565541,0.3995271234832263,0.5457516615521184,0.3773197120565541,,,0.934,,0.3773197120565541,0.0,,1.0,0.066,0.5887171158522657,False,latched,0.14433004131784502,0.0,0,{},50,False,0.3370641287212914,0.0
170,85000,85500,500,0.0,0.2689014475185786,0.2689014475185786,0.43625356125356124,0.38704233436957497,0.2689014475185786,,,0.902,,0.2689014475185786,0.0,,1.0,0.098,0.5587246447518482,False,latched,0.14384487143902044,0.0,0,{},50,False,0.3370641287212914,0.0
171,85500,86000,500,0.0,0.3530244057356175,0.29418700477968124,0.45670313639679067,0.390664861697469,0.29418700477968124,,,0.862,,0.3530244057356175,0.0,,1.0,0.138,0.5393371034577761,False,latched,0.22756434975167386,0.0,0,{},50,False,0.3370641287212914,0.0
172,86000,86500,500,0.0,0.20646221248630883,0.20646221248630883,0.2830645161290322,0.37067302833475374,0.20646221248630883,,,0.894,,0.20646221248630883,0.0,,1.0,0.106,0.5446273787313818,False,latched,0.16555174700384576,0.0,0,{},50,False,0.3370641287212914,0.0
173,86500,87000,500,0.0,0.23429776974080774,0.19524814145067312,0.2517035265989241,0.3504826276048355,0.19524814145067312,,,0.934,,0.23429776974080774,0.0,,1.0,0.066,0.5963391059614703,False,latched,0.11823519292404858,0.0,0,{},50,False,0.3370641287212914,0.0
174,87000,87500,500,0.0,0.45137272644502496,0.37614393870418744,0.4393076459963877,0.5657290931195024,0.37614393870418744,,,0.924,,0.45137272644502496,0.0,,1.0,0.076,0.5910445173789983,False,latched,0.1450715227662172,0.0,0,{},50,False,0.3370641287212914,0.0
175,87500,88000,500,0.0,0.3191840439359734,0.3191840439359734,0.5869581549094735,0.5142773166136337,0.3191840439359734,,,0.912,,0.3191840439359734,0.0,,1.0,0.088,0.5691282496629616,False,latched,0.14057608914957478,0.0,0,{},50,False,0.3370641287212914,0.0
176,88000,88500,500,0.0,0.4493728493728494,0.37447737447737445,0.4743879472693032,0.6024097447807693,0.37447737447737445,,,0.95,,0.4493728493728494,0.0,,1.0,0.05,0.6223588489669426,False,latched,0.12737711452632225,0.0,0,{},50,False,0.3370641287212914,0.0
177,88500,89000,500,0.0,0.27917732851943383,0.27917732851943383,0.2610570604201177,0.38876506734773697,0.27917732851943383,,,0.892,,0.27917732851943383,0.0,,1.0,0.108,0.581529215345894,False,latched,0.18388382671847225,0.0,0,{},50,False,0.3370641287212914,0.0
178,89000,89500,500,0.0,0.436657824933687,0.3638815207780725,0.4119571865443425,0.6326178256055749,0.3638815207780725,,,0.912,,0.436657824933687,0.0,,1.0,0.088,0.5692673110211652,False,latched,0.21516069955016626,0.0,0,{},50,False,0.3370641287212914,0.0
179,89500,90000,500,0.0,0.33777817134235816,0.33777817134235816,0.3638806216931217,0.575949715045048,0.33777817134235816,,,0.916,,0.33777817134235816,0.0,,1.0,0.084,0.574328085485009,False,latched,0.19957039595609022,0.0,0,{},50,False,0.3370641287212914,0.0
180,90000,90500,500,0.0,0.4646322202307368,0.3871935168589473,0.5069206712433256,0.658761354876566,0.4646322202307368,,,0.92,,0.4646322202307368,0.0,,1.0,0.08,0.5891602188395467,False,latched,0.20573963772835227,0.0,0,{},50,False,0.3370641287212914,0.0
181,90500,91000,500,0.0,0.430815943523622,0.35901328626968504,0.45195927182968215,0.5496277862727224,0.35901328626968504,,,0.928,,0.430815943523622,0.0,,1.0,0.072,0.5925350906914141,False,latched,0.16082625469142026,0.0,0,{},50,False,0.3370641287212914,0.0
182,91000,91500,500,0.0,0.20857511283043198,0.20857511283043198,0.2242440225035162,0.36435400846594845,0.20857511283043198,,,0.926,,0.20857511283043198,0.0,,1.0,0.074,0.5865524200071135,False,latched,0.11954473990791896,0.0,0,{},50,False,0.3370641287212914,0.0
183,91500,92000,500,0.0,0.34022217089278994,0.34022217089278994,0.42742763772175535,0.5939652210134901,0.34022217089278994,,,0.964,,0.34022217089278994,0.0,,1.0,0.036,0.616768171503564,False,latched,0.09553278314783371,0.0,0,{},50,False,0.3370641287212914,0.0
184,92000,92500,500,0.0,0.23963296881606164,0.23963296881606164,0.22664567401409508,0.49090725866884016,0.23963296881606164,,,0.942,,0.23963296881606164,0.0,,1.0,0.058,0.5713007983380293,False,latched,0.11432200061788378,0.0,0,{},50,False,0.3370641287212914,0.0
185,92500,93000,500,0.0,0.3527083944159718,0.2939236620133098,0.5391827956989247,0.4493961776257965,0.3527083944159718,,,0.932,,0.3527083944159718,0.0,,1.0,0.068,0.5650696840340259,False,latched,0.14328343492480172,0.0,0,{},50,False,0.3370641287212914,0.0
186,93000,93500,500,0.0,0.3577871740662439,0.3577871740662439,0.40835766930885825,0.48685588633185306,0.3577871740662439,,,0.946,,0.3577871740662439,0.0,,1.0,0.054,0.5865182770067662,False,latched,0.07696892648547227,0.0,0,{},50,False,0.3370641287212914,0.0
187,93500,94000,500,0.0,0.22055842966937048,0.22055842966937048,0.24362859362859365,0.47019161119407005,0.22055842966937048,,,0.92,,0.22055842966937048,0.0,,1.0,0.08,0.5893030376476137,False,latched,0.14919942685869977,0.0,0,{},50,False,0.3370641287212914,0.0
188,94000,94500,500,0.0,0.32411813055725974,0.32411813055725974,0.42494775688053,0.5323974940919708,0.32411813055725974,,,0.884,,0.32411813055725974,0.0,,1.0,0.116,0.5432216015964695,False,latched,0.257541286049214,0.0,0,{},50,False,0.3370641287212914,0.0
189,94500,95000,500,0.0,0.2843557346152502,0.2843557346152502,0.35795354177707117,0.40723483060193644,0.2843557346152502,,,0.852,,0.2843557346152502,0.0,,1.0,0.148,0.49892638244959303,False,latched,0.2549661431457428,0.0,0,{},50,False,0.3370641287212914,0.0
190,95000,95500,500,0.0,0.24075971407189944,0.24075971407189944,0.32925324062845285,0.4577897040976135,0.24075971407189944,,,0.85,,0.24075971407189944,0.0,,1.0,0.15,0.49720943080805463,False,latched,0.2523938582651941,0.0,0,{},50,False,0.3370641287212914,0.0
191,95500,96000,500,0.0,0.2853753981815497,0.2853753981815497,0.324468224360233,0.49234443851875986,0.2853753981815497,,,0.918,,0.2853753981815497,0.0,,1.0,0.082,0.5644336441404093,False,latched,0.1553751914981165,0.0,0,{},50,False,0.3370641287212914,0.0
192,96000,96500,500,0.0,0.3754703287435735,0.3754703287435735,0.4960683629675046,0.568980459871963,0.3754703287435735,,,0.942,,0.3754703287435735,0.0,,1.0,0.058,0.600457727502676,False,latched,0.12340570358135622,0.0,0,{},50,False,0.3370641287212914,0.0
193,96500,97000,500,0.0,0.37879543296209955,0.37879543296209955,0.39192700010653025,0.5764024050693547,0.37879543296209955,,,0.904,,0.37879543296209955,0.0,,1.0,0.096,0.5517217918309232,False,latched,0.20779164123358812,0.0,0,{},50,False,0.3370641287212914,0.0
194,97000,97500,500,0.0,0.28202744006844344,0.28202744006844344,0.29656460437710436,0.38647246349652303,0.28202744006844344,,,0.872,,0.28202744006844344,0.0,,1.0,0.128,0.5174420868597605,False,latched,0.19311206358400665,0.0,0,{},50,False,0.3370641287212914,0.0
195,97500,98000,500,0.0,0.22717467169146707,0.22717467169146707,0.2821483203779213,0.28011311447336784,0.22717467169146707,,,0.838,,0.22717467169146707,0.0,,1.0,0.162,0.508202630311538,False,latched,0.19511685541069196,0.0,0,{},50,False,0.3370641287212914,0.0
196,98000,98500,500,0.0,0.29517557207657635,0.29517557207657635,0.39617442482611026,0.38365365466080115,0.29517557207657635,,,0.834,,0.29517557207657635,0.0,,1.0,0.166,0.4898994416682798,False,latched,0.2804192881459313,0.0,0,{},50,False,0.3370641287212914,0.0
197,98500,99000,500,0.0,0.2262962962962963,0.2262962962962963,0.37914878397711016,0.36146148117429083,0.2262962962962963,,,0.874,,0.2262962962962963,0.0,,1.0,0.126,0.5336876531845708,False,latched,0.2102605032165781,0.0,0,{},50,False,0.3370641287212914,0.0
198,99000,99500,500,0.0,0.2949101388320969,0.2949101388320969,0.3684981684981685,0.4473802078833828,0.2949101388320969,,,0.896,,0.2949101388320969,0.0,,1.0,0.104,0.5415986629358315,False,latched,0.13682980229316183,0.0,0,{},50,False,0.3370641287212914,0.0
199,99500,100000,500,0.0,0.27093574218958627,0.27093574218958627,0.3027270217211743,0.4879751734547065,0.27093574218958627,,,0.858,,0.27093574218958627,0.0,,1.0,0.142,0.5091601738077198,False,latched,0.2819329849179254,0.0,0,{},50,False,0.3370641287212914,0.0
200,100000,100500,500,0.0,0.39709723042677547,0.39709723042677547,0.38379523621529144,0.5879015227207505,0.39709723042677547,,,0.912,,0.39709723042677547,0.0,,1.0,0.088,0.5815234582287049,False,latched,0.18585111436169174,0.0,0,{},50,False,0.3370641287212914,0.0
201,100500,101000,500,0.0,0.307049466064248,0.307049466064248,0.3067922859683582,0.5109095349461862,0.307049466064248,,,0.896,,0.307049466064248,0.0,,1.0,0.104,0.5584622026813978,False,latched,0.19657447314553242,0.0,0,{},50,False,0.3370641287212914,0.0
202,101000,101500,500,0.0,0.43231583231583226,0.2882105548772215,0.45203081232493,0.4424939254287818,0.2882105548772215,,,0.94,,0.43231583231583226,0.0,,1.0,0.06,0.5359761067125154,False,latched,0.14428739894160042,0.0,0,{},50,False,0.3370641287212914,0.0
203,101500,102000,500,0.0,0.23287835249042146,0.23287835249042146,0.3415605095541401,0.43210476524270186,0.23287835249042146,,,0.92,,0.23287835249042146,0.0,,1.0,0.08,0.5208301224514678,False,latched,0.1916760165788937,0.0,0,{},50,False,0.3370641287212914,0.0
204,102000,102500,500,0.0,0.29416847107416244,0.29416847107416244,0.3562091503267974,0.47415894402933373,0.29416847107416244,,,0.94,,0.29416847107416244,0.0,,1.0,0.06,0.545108980096619,False,latched,0.1274475559072314,0.0,0,{},50,False,0.3370641287212914,0.0
205,102500,103000,500,0.0,0.374099560598476,0.31174963383206333,0.5830769230769232,0.47684257326554025,0.31174963383206333,,,0.92,,0.374099560598476,0.0,,1.0,0.08,0.5479885776952567,False,latched,0.17578708677378085,0.0,0,{},50,False,0.3370641287212914,0.0
206,103000,103500,500,0.0,0.25029717150017905,0.20858097625014918,0.3077574967405476,0.3619584677354773,0.20858097625014918,,,0.914,,0.25029717150017905,0.0,,1.0,0.086,0.5815650050069212,False,latched,0.12276652293226985,0.0,0,{},50,False,0.3370641287212914,0.0
207,103500,104000,500,0.0,0.4148864021702272,0.27659093478015145,0.41363022941970307,0.42555811257303966,0.27659093478015145,,,0.98,,0.4148864021702272,0.0,,1.0,0.02,0.6224389557262291,False,latched,0.0677564727292076,0.0,0,{},50,False,0.3370641287212914,0.0
208,104000,104500,500,0.0,0.2651744009705793,0.22097866747548275,0.260331983805668,0.38164467618922693,0.22097866747548275,,,0.93,,0.2651744009705793,0.0,,1.0,0.07,0.6014839119139177,False,latched,0.09944673539573838,0.0,0,{},50,False,0.3370641287212914,0.0
209,104500,105000,500,0.0,0.25639230749384007,0.25639230749384007,0.2626977648789729,0.5250664606101797,0.25639230749384007,,,0.902,,0.25639230749384007,0.0,,1.0,0.098,0.5542654715665589,False,latched,0.17404133411576173,0.0,0,{},50,False,0.3370641287212914,0.0
210,105000,105500,500,0.0,0.32957811183617636,0.32957811183617636,0.5060911808669656,0.5759347343151512,0.32957811183617636,,,0.91,,0.32957811183617636,0.0,,1.0,0.09,0.5424698469597071,False,latched,0.16577393270110957,0.0,0,{},50,False,0.3370641287212914,0.0
211,105500,106000,500,0.0,0.3713702549523445,0.3094752124602871,0.48121019108280255,0.5518857674990133,0.3094752124602871,,,0.946,,0.3713702549523445,0.0,,1.0,0.054,0.6027484948481359,False,latched,0.1154208827291793,0.0,0,{},50,False,0.3370641287212914,0.0
212,106000,106500,500,0.0,0.37342795646918536,0.37342795646918536,0.4237730443447932,0.5831720112043985,0.37342795646918536,,,0.914,,0.37342795646918536,0.0,,1.0,0.086,0.5638306158847733,False,latched,0.17895205560395103,0.0,0,{},50,False,0.3370641287212914,0.0
213,106500,107000,500,0.0,0.36258506757441955,0.36258506757441955,0.37572951739618404,0.580034188682286,0.36258506757441955,,,0.894,,0.36258506757441955,0.0,,1.0,0.106,0.5546182166901733,False,latched,0.2250494261558385,0.0,0,{},50,False,0.3370641287212914,0.0
214,107000,107500,500,0.0,0.5331126836386304,0.5331126836386304,0.5374238842323948,0.5143243854637619,0.5331126836386304,,,0.934,,0.5331126836386304,0.0,,1.0,0.066,0.593595754393448,False,latched,0.11517233362927558,0.0,0,{},50,False,0.3370641287212914,0.0
215,107500,108000,500,0.0,0.46217154938085164,0.46217154938085164,0.4600472813238771,0.6609216995615457,0.46217154938085164,,,0.964,,0.46217154938085164,0.0,,1.0,0.036,0.6195785505516547,False,latched,0.13339528096390557,0.0,0,{},50,False,0.3370641287212914,0.0
216,108000,108500,500,0.0,0.28309898565932146,0.23591582138276787,0.31133834586466164,0.38726513739792706,0.28309898565932146,,,0.944,,0.28309898565932146,0.0,,1.0,0.056,0.5955248465504849,False,latched,0.07150109828310205,0.0,0,{},50,False,0.3370641287212914,0.0
217,108500,109000,500,0.0,0.31733721089284966,0.31733721089284966,0.32807328605200947,0.43070190677174186,0.31733721089284966,,,0.936,,0.31733721089284966,0.0,,1.0,0.064,0.5961891114512757,False,latched,0.1114038217432521,0.0,0,{},50,False,0.3370641287212914,0.0
218,109000,109500,500,0.0,0.3208062525709584,0.267338543809132,0.3127327935222672,0.388131755499146,0.267338543809132,,,0.922,,0.3208062525709584,0.0,,1.0,0.078,0.5776780442093923,False,latched,0.10420127373589085,0.0,0,{},50,False,0.3370641287212914,0.0
219,109500,110000,500,0.0,0.5138801811215604,0.428233484267967,0.5198124098124098,0.6687381014650997,0.428233484267967,,,0.954,,0.5138801811215604,0.0,,1.0,0.046,0.6189052033972129,False,latched,0.18020952214504873,0.0,0,{},50,False,0.3370641287212914,0.0
220,110000,110500,500,0.0,0.22732603931237585,0.22732603931237585,0.24714485705865016,0.4282764755047993,0.22732603931237585,,,0.934,,0.22732603931237585,0.0,,1.0,0.066,0.6007056033620931,False,latched,0.09860551645365362,0.0,0,{},50,False,0.3370641287212914,0.0
221,110500,111000,500,0.0,0.32987413588917347,0.32987413588917347,0.35063473781353865,0.5921528097895533,0.32987413588917347,,,0.946,,0.32987413588917347,0.0,,1.0,0.054,0.616246044322025,False,latched,0.13520337935054716,0.0,0,{},50,False,0.3370641287212914,0.0
222,111000,111500,500,0.0,0.31622598020447484,0.31622598020447484,0.39402562364042154,0.5443794948057266,0.31622598020447484,,,0.888,,0.31622598020447484,0.0,,1.0,0.112,0.5685233064392441,False,latched,0.25623147038202093,0.0,0,{},50,False,0.3370641287212914,0.0
223,111500,112000,500,0.0,0.2568501095973624,0.21404175799780198,0.30207527725978994,0.3379476442230816,0.21404175799780198,,,0.806,,0.2568501095973624,0.0,,1.0,0.194,0.4687278709192877,False,latched,0.2597572538888611,0.0,0,{},50,False,0.3370641287212914,0.0
224,112000,112500,500,0.0,0.31522935655956263,0.26269113046630216,0.3671125350420505,0.4479249225018441,0.26269113046630216,,,0.882,,0.31522935655956263,0.0,,1.0,0.118,0.5436849692249299,False,latched,0.19735236738252213,0.0,0,{},50,False,0.3370641287212914,0.0
225,112500,113000,500,0.0,0.3810935784672059,0.3810935784672059,0.3980330958541967,0.5875806659848639,0.3810935784672059,,,0.89,,0.3810935784672059,0.0,,1.0,0.11,0.5625137695660636,False,latched,0.21478540676852356,0.0,0,{},50,False,0.3370641287212914,0.0
226,113000,113500,500,0.0,0.31522712079495113,0.31522712079495113,0.34718053888221956,0.5119210646150134,0.31522712079495113,,,0.886,,0.31522712079495113,0.0,,1.0,0.114,0.5790312413200084,False,latched,0.22035631845565748,0.0,0,{},50,False,0.3370641287212914,0.0
227,113500,114000,500,0.0,0.35464190279651825,0.29553491899709855,0.4013364413364413,0.4509378906802239,0.29553491899709855,,,0.874,,0.35464190279651825,0.0,,1.0,0.126,0.5328802696980727,False,latched,0.20052412383187596,0.0,0,{},50,False,0.3370641287212914,0.0
228,114000,114500,500,0.0,0.2493563984595375,0.2493563984595375,0.24054662268947982,0.3122236984011428,0.2493563984595375,,,0.86,,0.2493563984595375,0.0,,1.0,0.14,0.5026948019315199,False,latched,0.17258780451209885,0.0,0,{},50,False,0.3370641287212914,0.0
229,114500,115000,500,0.0,0.24129013924410345,0.24129013924410345,0.25062530062530064,0.34504355109565826,0.24129013924410345,,,0.856,,0.24129013924410345,0.0,,1.0,0.144,0.5072499117540307,False,latched,0.1581180350505767,0.0,0,{},50,False,0.3370641287212914,0.0
230,115000,115500,500,0.0,0.25537993308923274,0.25537993308923274,0.4866810655147588,0.39585867948712455,0.25537993308923274,,,0.872,,0.25537993308923274,0.0,,1.0,0.128,0.5338757114528835,False,latched,0.22259508975089048,0.0,0,{},50,False,0.3370641287212914,0.0
231,115500,116000,500,0.0,0.3817276709262772,0.3817276709262772,0.444460212341007,0.46257319224303556,0.3817276709262772,,,0.878,,0.3817276709262772,0.0,,1.0,0.122,0.5423273104509797,False,latched,0.2163610821913534,0.0,0,{},50,False,0.3370641287212914,0.0
232,116000,116500,500,0.0,0.335170346095854,0.27930862174654497,0.34340096618357485,0.44195849931697717,0.27930862174654497,,,0.88,,0.335170346095854,0.0,,1.0,0.12,0.5485286251557046,False,latched,0.17169213558495972,0.0,0,{},50,False,0.3370641287212914,0.0
233,116500,117000,500,0.0,0.33538251366120214,0.33538251366120214,0.32579630369225604,0.5297859282895965,0.33538251366120214,,,0.874,,0.33538251366120214,0.0,,1.0,0.126,0.5366981163846225,False,latched,0.23551530963878073,0.0,0,{},50,False,0.3370641287212914,0.0
234,117000,117500,500,0.0,0.4256457936478801,0.4256457936478801,0.541872790164362,0.6152035537723061,0.4256457936478801,,,0.91,,0.4256457936478801,0.0,,1.0,0.09,0.5692097443152803,False,latched,0.17852152663840912,0.0,0,{},50,False,0.3370641287212914,0.0
235,117500,118000,500,0.0,0.3842998576786146,0.3842998576786146,0.4227165211062591,0.5854032050411606,0.3842998576786146,,,0.93,,0.3842998576786146,0.0,,1.0,0.07,0.5716605280916823,False,latched,0.1585141497135425,0.0,0,{},50,False,0.3370641287212914,0.0
236,118000,118500,500,0.0,0.3810728744939271,0.3810728744939271,0.5430091185410334,0.4369760844786072,0.3810728744939271,,,0.93,,0.3810728744939271,0.0,,1.0,0.07,0.5494010930791031,False,latched,0.11968713685440659,0.0,0,{},50,False,0.3370641287212914,0.0
237,118500,119000,500,0.0,0.3119477449264683,0.3119477449264683,0.45690058479532164,0.5094283587724174,0.3119477449264683,,,0.942,,0.3119477449264683,0.0,,1.0,0.058,0.5840514177627296,False,latched,0.12158808585889028,0.0,0,{},50,False,0.3370641287212914,0.0
238,119000,119500,500,0.0,0.3243430152143845,0.16217150760719226,0.31582491582491584,0.19294944670157346,0.16217150760719226,,,0.938,,0.3243430152143845,0.0,,1.0,0.062,0.6059466224369314,False,latched,0.07304468188293382,0.0,0,{},50,False,0.3370641287212914,0.0
239,119500,120000,500,0.0,0.9785495403472931,0.16309159005788218,0.958,,0.48927477017364657,,,0.958,,0.9785495403472931,0.0,,1.0,0.042,0.621337308272279,False,latched,0.04858512580665662,0.0,0,{},50,False,0.3370641287212914,0.0
